Loss: 0.10725773125886917
 Binary Accuracy: 0.9915260076522827
 AUC: 0.9529590010643005
 Precision: 0.7019230723381042
 Recall: 1.0
