Loss: 0.5641685128211975
 Binary Accuracy: 0.7411636710166931
 AUC: 0.8755690455436707
 Precision: 0.23529411852359772
 Recall: 0.054794520139694214
