Loss: 0.09261375665664673
 Binary Accuracy: 0.9966221451759338
 AUC: 0.949924111366272
 Precision: 0.6886792182922363
 Recall: 1.0
