Loss: 2.0571277141571045
 Binary Accuracy: 0.5431255102157593
 AUC: 0.8172481656074524
 Precision: 0.5206093192100525
 Recall: 1.0
